{
	"profile": "car",
	"durations": [
		[
			0,
			548,
			776,
			1396,
			1175,
			1872
		],
		[
			548,
			0,
			1100,
			1548,
			847,
			1324
		],
		[
			776,
			1100,
			0,
			448,
			1275,
			772
		],
		[
			1396,
			1548,
			448,
			0,
			1723,
			1220
		],
		[
			1175,
			847,
			1275,
			1723,
			0,
			1021
		],
		[
			1872,
			1324,
			772,
			1220,
			1021,
			0
		]
	],
	"distances": [
		[
			0,
			1.4,
			2.2,
			3.9,
			3.3,
			5.3
		],
		[
			1.4,
			0,
			3.1,
			4.4,
			2.4,
			3.7
		],
		[
			2.2,
			3.1,
			0,
			1.3,
			3.6,
			2.2
		],
		[
			3.9,
			4.4,
			1.3,
			0,
			4.9,
			3.5
		],
		[
			3.3,
			2.4,
			3.6,
			4.9,
			0,
			2.9
		],
		[
			5.3,
			3.7,
			2.2,
			3.5,
			2.9,
			0
		]
	]
}