{
	"profile": "car",
	"durations": [
		[
			0,
			548,
			776,
			1100,
			1396,
			1872,
			648,
			1024,
			1344
		],
		[
			548,
			0,
			1100,
			1548,
			847,
			1324,
			996,
			572,
			796
		],
		[
			776,
			1100,
			0,
			448,
			1275,
			772,
			1444,
			1120,
			344
		],
		[
			1100,
			1548,
			448,
			0,
			1723,
			1220,
			1892,
			1568,
			792
		],
		[
			1396,
			847,
			1275,
			1723,
			0,
			1021,
			1245,
			621,
			1619
		],
		[
			1872,
			1324,
			772,
			1220,
			1021,
			0,
			1821,
			1497,
			1116
		],
		[
			648,
			996,
			1444,
			1892,
			1245,
			1821,
			0,
			624,
			1688
		],
		[
			1024,
			572,
			1120,
			1568,
			621,
			1497,
			624,
			0,
			1464
		],
		[
			1344,
			796,
			344,
			792,
			1619,
			1116,
			1688,
			1464,
			0
		]
	],
	"distances": [
		[
			0,
			1.4,
			2.2,
			3.1,
			3.9,
			5.3,
			1.8,
			2.9,
			3.8
		],
		[
			1.4,
			0,
			3.1,
			4.4,
			2.4,
			3.7,
			2.8,
			1.6,
			2.3
		],
		[
			2.2,
			3.1,
			0,
			1.3,
			3.6,
			2.2,
			4.1,
			3.2,
			1.0
		],
		[
			3.1,
			4.4,
			1.3,
			0,
			4.9,
			3.5,
			5.4,
			4.5,
			2.3
		],
		[
			3.9,
			2.4,
			3.6,
			4.9,
			0,
			2.9,
			3.5,
			1.8,
			4.6
		],
		[
			5.3,
			3.7,
			2.2,
			3.5,
			2.9,
			0,
			5.2,
			4.3,
			3.2
		],
		[
			1.8,
			2.8,
			4.1,
			5.4,
			3.5,
			5.2,
			0,
			1.8,
			4.9
		],
		[
			2.9,
			1.6,
			3.2,
			4.5,
			1.8,
			4.3,
			1.8,
			0,
			3.7
		],
		[
			3.8,
			2.3,
			1.0,
			2.3,
			4.6,
			3.2,
			4.9,
			3.7,
			0
		]
	]
}